%  Uniform Perceptual Contrast Colourmap
% 
%  Usage:  map = cmap_isoluminant70r
% 
% 
%  Centre for Exploration Targeting
%  The University of Western Australia
%  22-Sep-2021 
% 
function map = cmap_isoluminant70r
map = [ ...
0.078423 0.727500 0.900546
0.103038 0.726703 0.901316
0.123192 0.725904 0.902083
0.140742 0.725100 0.902845
0.156381 0.724285 0.903594
0.170590 0.723468 0.904336
0.183719 0.722648 0.905079
0.196004 0.721824 0.905808
0.207546 0.720998 0.906528
0.218474 0.720169 0.907244
0.228886 0.719335 0.907952
0.238822 0.718490 0.908647
0.248399 0.717652 0.909336
0.257574 0.716803 0.910023
0.266469 0.715950 0.910696
0.275067 0.715086 0.911359
0.283409 0.714220 0.912017
0.291527 0.713355 0.912665
0.299424 0.712479 0.913305
0.307114 0.711609 0.913937
0.314627 0.710726 0.914558
0.321991 0.709840 0.915165
0.329205 0.708951 0.915765
0.336242 0.708050 0.916360
0.343174 0.707150 0.916948
0.349969 0.706246 0.917521
0.356651 0.705332 0.918080
0.363208 0.704415 0.918628
0.369672 0.703496 0.919170
0.376046 0.702569 0.919702
0.382313 0.701633 0.920219
0.388510 0.700702 0.920725
0.394610 0.699756 0.921224
0.400650 0.698808 0.921713
0.406596 0.697856 0.922186
0.412488 0.696901 0.922645
0.418291 0.695941 0.923094
0.424046 0.694967 0.923530
0.429743 0.693990 0.923953
0.435386 0.693020 0.924360
0.440955 0.692034 0.924753
0.446490 0.691034 0.925136
0.451976 0.690042 0.925505
0.457397 0.689044 0.925860
0.462776 0.688032 0.926199
0.468122 0.687017 0.926523
0.473418 0.685998 0.926830
0.478687 0.684971 0.927121
0.483906 0.683934 0.927397
0.489093 0.682900 0.927657
0.494252 0.681851 0.927901
0.499360 0.680801 0.928127
0.504459 0.679745 0.928336
0.509505 0.678685 0.928527
0.514534 0.677623 0.928699
0.519525 0.676545 0.928853
0.524495 0.675461 0.928987
0.529445 0.674372 0.929100
0.534357 0.673281 0.929192
0.539253 0.672180 0.929264
0.544128 0.671071 0.929313
0.548984 0.669961 0.929341
0.553807 0.668838 0.929346
0.558612 0.667713 0.929328
0.563415 0.666570 0.929285
0.568180 0.665434 0.929218
0.572941 0.664286 0.929126
0.577669 0.663138 0.929007
0.582392 0.661979 0.928861
0.587099 0.660802 0.928687
0.591798 0.659633 0.928484
0.596472 0.658451 0.928252
0.601133 0.657269 0.927989
0.605779 0.656076 0.927696
0.610422 0.654866 0.927371
0.615043 0.653662 0.927013
0.619665 0.652449 0.926622
0.624264 0.651233 0.926197
0.628853 0.650006 0.925733
0.633434 0.648774 0.925227
0.638001 0.647534 0.924685
0.642560 0.646289 0.924108
0.647107 0.645037 0.923489
0.651646 0.643781 0.922823
0.656175 0.642526 0.922113
0.660683 0.641254 0.921356
0.665189 0.639992 0.920554
0.669689 0.638713 0.919706
0.674169 0.637436 0.918802
0.678639 0.636155 0.917858
0.683099 0.634868 0.916852
0.687544 0.633581 0.915785
0.691980 0.632289 0.914674
0.696395 0.630999 0.913508
0.700790 0.629698 0.912296
0.705162 0.628407 0.911050
0.709518 0.627101 0.909765
0.713846 0.625799 0.908444
0.718154 0.624499 0.907083
0.722436 0.623195 0.905686
0.726702 0.621880 0.904245
0.730939 0.620584 0.902774
0.735158 0.619276 0.901261
0.739352 0.617959 0.899714
0.743513 0.616656 0.898124
0.747653 0.615340 0.896504
0.751766 0.614030 0.894844
0.755850 0.612724 0.893143
0.759906 0.611424 0.891409
0.763939 0.610115 0.889639
0.767942 0.608822 0.887831
0.771922 0.607519 0.885993
0.775867 0.606211 0.884116
0.779785 0.604919 0.882199
0.783677 0.603629 0.880252
0.787532 0.602334 0.878273
0.791359 0.601047 0.876256
0.795157 0.599768 0.874207
0.798925 0.598484 0.872129
0.802656 0.597217 0.870010
0.806363 0.595943 0.867870
0.810030 0.594678 0.865689
0.813667 0.593422 0.863486
0.817275 0.592173 0.861242
0.820848 0.590916 0.858974
0.824387 0.589670 0.856676
0.827893 0.588434 0.854350
0.831373 0.587206 0.851998
0.834810 0.585991 0.849616
0.838216 0.584773 0.847202
0.841589 0.583559 0.844770
0.844927 0.582357 0.842310
0.848230 0.581164 0.839825
0.851499 0.579985 0.837312
0.854739 0.578802 0.834774
0.857939 0.577626 0.832216
0.861107 0.576477 0.829634
0.864246 0.575316 0.827028
0.867343 0.574165 0.824398
0.870407 0.573037 0.821755
0.873443 0.571905 0.819080
0.876441 0.570782 0.816398
0.879407 0.569671 0.813684
0.882338 0.568572 0.810958
0.885240 0.567485 0.808214
0.888104 0.566402 0.805446
0.890936 0.565320 0.802665
0.893735 0.564266 0.799872
0.896506 0.563214 0.797051
0.899240 0.562172 0.794225
0.901939 0.561127 0.791374
0.904610 0.560108 0.788514
0.907251 0.559086 0.785639
0.909856 0.558078 0.782744
0.912429 0.557094 0.779839
0.914968 0.556097 0.776923
0.917464 0.555141 0.773966
0.919889 0.554215 0.770990
0.922262 0.553309 0.767969
0.924569 0.552447 0.764932
0.926823 0.551606 0.761858
0.929017 0.550793 0.758766
0.931153 0.550014 0.755646
0.933225 0.549267 0.752500
0.935247 0.548550 0.749337
0.937214 0.547853 0.746160
0.939120 0.547187 0.742969
0.940973 0.546559 0.739758
0.942775 0.545954 0.736523
0.944518 0.545374 0.733286
0.946206 0.544823 0.730036
0.947850 0.544299 0.726770
0.949440 0.543803 0.723496
0.950985 0.543333 0.720218
0.952477 0.542890 0.716935
0.953926 0.542468 0.713635
0.955328 0.542067 0.710335
0.956682 0.541691 0.707030
0.957997 0.541342 0.703717
0.959264 0.541019 0.700403
0.960492 0.540719 0.697083
0.961673 0.540437 0.693760
0.962821 0.540175 0.690437
0.963925 0.539934 0.687115
0.964992 0.539714 0.683785
0.966023 0.539515 0.680456
0.967019 0.539337 0.677138
0.967979 0.539179 0.673804
0.968899 0.539039 0.670481
0.969788 0.538917 0.667146
0.970644 0.538812 0.663823
0.971469 0.538723 0.660489
0.972262 0.538652 0.657169
0.973020 0.538598 0.653839
0.973746 0.538559 0.650516
0.974444 0.538536 0.647194
0.975114 0.538527 0.643867
0.975757 0.538533 0.640552
0.976372 0.538553 0.637235
0.976962 0.538588 0.633921
0.977522 0.538637 0.630607
0.978053 0.538700 0.627289
0.978560 0.538775 0.623984
0.979047 0.538862 0.620676
0.979511 0.538961 0.617363
0.979946 0.539073 0.614054
0.980356 0.539198 0.610760
0.980743 0.539334 0.607464
0.981111 0.539481 0.604165
0.981458 0.539639 0.600862
0.981780 0.539811 0.597571
0.982081 0.539995 0.594279
0.982362 0.540189 0.590988
0.982623 0.540391 0.587698
0.982861 0.540604 0.584417
0.983079 0.540826 0.581133
0.983280 0.541055 0.577848
0.983464 0.541292 0.574568
0.983627 0.541541 0.571295
0.983772 0.541802 0.568021
0.983901 0.542072 0.564745
0.984013 0.542350 0.561477
0.984104 0.542637 0.558201
0.984180 0.542929 0.554938
0.984241 0.543226 0.551675
0.984282 0.543533 0.548413
0.984307 0.543848 0.545144
0.984319 0.544169 0.541876
0.984313 0.544499 0.538625
0.984291 0.544837 0.535355
0.984255 0.545180 0.532103
0.984205 0.545532 0.528849
0.984137 0.545892 0.525587
0.984057 0.546256 0.522324
0.983963 0.546623 0.519080
0.983852 0.546995 0.515812
0.983730 0.547374 0.512564
0.983594 0.547763 0.509314
0.983443 0.548161 0.506052
0.983281 0.548561 0.502801
0.983106 0.548964 0.499547
0.982917 0.549372 0.496294
0.982719 0.549784 0.493042
0.982505 0.550204 0.489791
0.982279 0.550629 0.486542
0.982042 0.551058 0.483286
0.981790 0.551495 0.480041
0.981528 0.551936 0.476782
0.981253 0.552379 0.473520
0.980967 0.552822 0.470276
0.980672 0.553270 0.467019
0.980362 0.553731 0.463757
0.980045 0.554196 0.460487
0.979715 0.554661 0.457232
0.979373 0.555126 0.453974
0.979022 0.555594 0.450710
];
