%  Uniform Perceptual Contrast Colourmap
% 
%  Usage:  map = cmap_isoluminant65
% 
% 
%  Centre for Exploration Targeting
%  The University of Western Australia
%  18-Jul-2019 
% 
function map = cmap_isoluminant65
map = [ ...
0.276875 0.637196 0.968638
0.276521 0.638088 0.963708
0.276126 0.638979 0.958785
0.275740 0.639866 0.953852
0.275301 0.640742 0.948918
0.274872 0.641613 0.943981
0.274415 0.642487 0.939043
0.273977 0.643345 0.934095
0.273498 0.644203 0.929152
0.273013 0.645055 0.924203
0.272491 0.645904 0.919250
0.271977 0.646750 0.914297
0.271451 0.647585 0.909335
0.270931 0.648415 0.904371
0.270377 0.649249 0.899409
0.269806 0.650067 0.894439
0.269228 0.650883 0.889461
0.268624 0.651697 0.884485
0.267999 0.652497 0.879498
0.267368 0.653296 0.874514
0.266756 0.654096 0.869522
0.266110 0.654883 0.864530
0.265455 0.655675 0.859529
0.264771 0.656459 0.854525
0.264114 0.657234 0.849518
0.263421 0.658004 0.844503
0.262707 0.658762 0.839486
0.261992 0.659526 0.834462
0.261258 0.660280 0.829436
0.260529 0.661029 0.824395
0.259780 0.661782 0.819355
0.259034 0.662521 0.814310
0.258243 0.663257 0.809265
0.257472 0.663985 0.804208
0.256690 0.664704 0.799146
0.255876 0.665428 0.794080
0.255104 0.666141 0.789003
0.254283 0.666849 0.783923
0.253457 0.667561 0.778830
0.252631 0.668261 0.773732
0.251791 0.668955 0.768632
0.250951 0.669645 0.763523
0.250079 0.670333 0.758411
0.249236 0.671008 0.753282
0.248400 0.671679 0.748155
0.247517 0.672353 0.743018
0.246637 0.673018 0.737863
0.245760 0.673673 0.732713
0.244869 0.674326 0.727545
0.243996 0.674974 0.722368
0.243119 0.675617 0.717194
0.242234 0.676257 0.711999
0.241365 0.676892 0.706799
0.240462 0.677521 0.701580
0.239588 0.678140 0.696366
0.238700 0.678752 0.691127
0.237846 0.679361 0.685889
0.236972 0.679966 0.680630
0.236096 0.680565 0.675370
0.235244 0.681159 0.670098
0.234374 0.681748 0.664801
0.233493 0.682333 0.659505
0.232673 0.682913 0.654190
0.231862 0.683484 0.648866
0.231025 0.684046 0.643522
0.230201 0.684607 0.638171
0.229424 0.685165 0.632803
0.228676 0.685712 0.627419
0.227907 0.686252 0.622017
0.227169 0.686787 0.616612
0.226470 0.687315 0.611182
0.225782 0.687838 0.605726
0.225088 0.688355 0.600269
0.224438 0.688866 0.594789
0.223854 0.689368 0.589284
0.223306 0.689859 0.583769
0.222773 0.690343 0.578229
0.222258 0.690821 0.572682
0.221790 0.691296 0.567105
0.221390 0.691767 0.561502
0.221045 0.692228 0.555871
0.220742 0.692678 0.550235
0.220484 0.693117 0.544566
0.220279 0.693545 0.538877
0.220135 0.693966 0.533155
0.220057 0.694381 0.527414
0.220049 0.694790 0.521637
0.220117 0.695190 0.515837
0.220266 0.695580 0.510016
0.220503 0.695959 0.504167
0.220830 0.696324 0.498280
0.221239 0.696678 0.492347
0.221739 0.697021 0.486394
0.222366 0.697353 0.480406
0.223110 0.697673 0.474386
0.223942 0.697980 0.468318
0.224915 0.698274 0.462219
0.226064 0.698553 0.456080
0.227305 0.698819 0.449902
0.228710 0.699068 0.443682
0.230226 0.699302 0.437420
0.231959 0.699519 0.431107
0.233800 0.699719 0.424749
0.235873 0.699900 0.418336
0.238111 0.700059 0.411888
0.240536 0.700197 0.405389
0.243172 0.700313 0.398831
0.246028 0.700405 0.392229
0.249132 0.700469 0.385568
0.252440 0.700506 0.378869
0.255983 0.700514 0.372107
0.259824 0.700488 0.365306
0.263872 0.700433 0.358450
0.268041 0.700352 0.351554
0.272324 0.700251 0.344613
0.276725 0.700128 0.337630
0.281187 0.699983 0.330592
0.285768 0.699814 0.323518
0.290470 0.699620 0.316400
0.295298 0.699399 0.309238
0.300241 0.699151 0.301997
0.305329 0.698873 0.294742
0.310554 0.698562 0.287443
0.315909 0.698220 0.280112
0.321394 0.697843 0.272741
0.327046 0.697429 0.265343
0.332883 0.696976 0.257916
0.338847 0.696484 0.250481
0.344973 0.695949 0.243039
0.351261 0.695366 0.235627
0.357709 0.694736 0.228211
0.364285 0.694062 0.220832
0.371018 0.693348 0.213466
0.377897 0.692585 0.206226
0.384891 0.691763 0.199002
0.392009 0.690891 0.191935
0.399213 0.689983 0.185004
0.406521 0.689026 0.178213
0.413884 0.688016 0.171548
0.421296 0.686964 0.165090
0.428757 0.685872 0.158890
0.436234 0.684734 0.152856
0.443714 0.683563 0.147112
0.451183 0.682353 0.141627
0.458632 0.681109 0.136361
0.466044 0.679836 0.131456
0.473418 0.678537 0.126781
0.480749 0.677212 0.122425
0.488034 0.675850 0.118475
0.495241 0.674469 0.114709
0.502386 0.673069 0.111386
0.509466 0.671640 0.108278
0.516472 0.670202 0.105589
0.523416 0.668735 0.103221
0.530279 0.667252 0.101113
0.537079 0.665753 0.099376
0.543792 0.664237 0.097984
0.550442 0.662710 0.096791
0.557026 0.661159 0.095997
0.563534 0.659599 0.095513
0.569962 0.658027 0.095327
0.576342 0.656438 0.095480
0.582623 0.654825 0.095978
0.588843 0.653209 0.096828
0.594998 0.651590 0.098099
0.601075 0.649949 0.099564
0.607093 0.648293 0.101319
0.613023 0.646637 0.103367
0.618907 0.644960 0.105576
0.624709 0.643280 0.107979
0.630456 0.641587 0.110627
0.636134 0.639892 0.113402
0.641747 0.638178 0.116298
0.647308 0.636462 0.119294
0.652803 0.634729 0.122384
0.658254 0.632988 0.125654
0.663645 0.631240 0.128926
0.668975 0.629476 0.132333
0.674254 0.627712 0.135739
0.679482 0.625932 0.139231
0.684664 0.624150 0.142799
0.689802 0.622346 0.146361
0.694883 0.620549 0.149998
0.699924 0.618733 0.153600
0.704921 0.616903 0.157264
0.709876 0.615060 0.160968
0.714782 0.613213 0.164662
0.719656 0.611364 0.168369
0.724483 0.609496 0.172093
0.729272 0.607623 0.175815
0.734024 0.605724 0.179577
0.738740 0.603836 0.183318
0.743419 0.601920 0.187089
0.748063 0.600002 0.190831
0.752664 0.598066 0.194618
0.757244 0.596127 0.198344
0.761784 0.594172 0.202100
0.766298 0.592213 0.205882
0.770780 0.590224 0.209621
0.775224 0.588233 0.213371
0.779643 0.586239 0.217145
0.784037 0.584222 0.220911
0.788394 0.582192 0.224617
0.792727 0.580160 0.228401
0.797030 0.578098 0.232137
0.801311 0.576045 0.235875
0.805561 0.573956 0.239604
0.809790 0.571866 0.243324
0.813989 0.569755 0.247067
0.818166 0.567641 0.250793
0.822326 0.565498 0.254527
0.826453 0.563362 0.258225
0.830559 0.561191 0.261954
0.834642 0.559011 0.265673
0.838700 0.556825 0.269391
0.842744 0.554614 0.273087
0.846755 0.552392 0.276797
0.850751 0.550150 0.280480
0.854731 0.547894 0.284186
0.858684 0.545623 0.287879
0.862624 0.543332 0.291592
0.866534 0.541022 0.295270
0.870428 0.538707 0.298971
0.874308 0.536363 0.302642
0.878167 0.533997 0.306354
0.882006 0.531626 0.310037
0.885831 0.529237 0.313713
0.889632 0.526824 0.317390
0.893416 0.524385 0.321075
0.897192 0.521925 0.324741
0.900940 0.519461 0.328428
0.904675 0.516973 0.332111
0.908396 0.514462 0.335782
0.912098 0.511920 0.339465
0.915779 0.509370 0.343138
0.919452 0.506791 0.346808
0.923112 0.504202 0.350485
0.926746 0.501580 0.354148
0.930375 0.498933 0.357833
0.933981 0.496257 0.361496
0.937579 0.493572 0.365168
0.941158 0.490870 0.368849
0.944728 0.488126 0.372510
0.948276 0.485351 0.376198
0.951814 0.482566 0.379865
0.955342 0.479754 0.383546
0.958851 0.476905 0.387211
0.962347 0.474032 0.390898
0.965829 0.471139 0.394570
0.969302 0.468203 0.398255
0.972764 0.465243 0.401921
0.976203 0.462260 0.405620
0.979643 0.459246 0.409298
0.983060 0.456192 0.412988
0.986469 0.453115 0.416669
0.989866 0.449999 0.420347
];
