%  Uniform Perceptual Contrast Colourmap
% 
%  Usage:  map = cmap_heat
% 
% 
%  Centre for Exploration Targeting
%  The University of Western Australia
%  11-Jun-2020 
% 
function map = cmap_heat
map = [ ...
0.002604 0.000000 0.000000
0.009164 0.000000 0.000000
0.015859 0.000000 0.000000
0.022386 0.000000 0.000000
0.028849 0.000000 0.000000
0.035644 0.000000 0.000000
0.042115 0.000000 0.000000
0.048047 0.000000 0.000000
0.053611 0.000000 0.000000
0.058908 0.000000 0.000000
0.063786 0.000000 0.000000
0.068451 0.000000 0.000000
0.072815 0.000000 0.000000
0.076957 0.000000 0.000000
0.081030 0.000000 0.000000
0.084879 0.000000 0.000000
0.088616 0.000000 0.000000
0.092196 0.000000 0.000000
0.095654 0.000000 0.000000
0.099005 0.000000 0.000000
0.102253 0.000000 0.000000
0.105425 0.000000 0.000000
0.108495 0.000000 0.000000
0.111538 0.000000 0.000000
0.114411 0.000000 0.000000
0.117293 0.000000 0.000000
0.120083 0.000000 0.000000
0.122802 0.000000 0.000000
0.125518 0.000000 0.000000
0.128154 0.000000 0.000000
0.130731 0.000000 0.000000
0.133226 0.000000 0.000000
0.135678 0.000000 0.000000
0.138154 0.000000 0.000000
0.140527 0.000000 0.000000
0.142874 0.000000 0.000000
0.145208 0.000000 0.000000
0.147458 0.000000 0.000000
0.149710 0.000000 0.000000
0.151873 0.000000 0.000000
0.154043 0.000008 0.000000
0.156213 0.000012 0.000000
0.158314 0.000012 0.000000
0.160362 0.000009 0.000000
0.162455 0.000008 0.000000
0.164474 0.000011 0.000000
0.166472 0.000012 0.000000
0.168442 0.000009 0.000000
0.170395 0.000008 0.000000
0.172314 0.000011 0.000000
0.174234 0.000011 0.000000
0.176091 0.000008 0.000000
0.178008 0.000008 0.000000
0.179809 0.000012 0.000000
0.181621 0.000009 0.000000
0.183435 0.000008 0.000000
0.185251 0.000011 0.000000
0.186999 0.000009 0.000000
0.188750 0.000009 0.000000
0.190465 0.000011 0.000000
0.192183 0.000008 0.000000
0.193901 0.000008 0.000000
0.195560 0.000011 0.000000
0.197241 0.000007 0.000000
0.198864 0.000008 0.000000
0.200493 0.000010 0.000000
0.202125 0.000008 0.000000
0.203758 0.000010 0.000000
0.205334 0.000007 0.000000
0.206933 0.000009 0.000000
0.208482 0.000010 0.000000
0.210035 0.000008 0.000000
0.211585 0.000010 0.000000
0.213091 0.000006 0.000000
0.214618 0.000008 0.000000
0.216145 0.000009 0.000000
0.217620 0.000009 0.000000
0.219105 0.000010 0.000000
0.220593 0.000007 0.000000
0.222018 0.000010 0.000000
0.223483 0.000005 0.000000
0.224899 0.000007 0.000000
0.226363 0.000002 0.000000
0.227787 0.000000 0.000000
0.229209 0.000000 0.000000
0.230639 0.000000 0.000000
0.232087 0.000000 0.000000
0.233494 0.000000 0.000000
0.234970 0.000000 0.000000
0.236400 0.000000 0.000000
0.237835 0.000000 0.000000
0.239269 0.000000 0.000000
0.240697 0.000000 0.000000
0.242152 0.000000 0.000000
0.243582 0.000000 0.000000
0.245032 0.000000 0.000000
0.246489 0.000000 0.000000
0.247956 0.000000 0.000001
0.249387 0.000000 0.000000
0.250846 0.000000 0.000000
0.252305 0.000000 0.000000
0.253761 0.000000 0.000000
0.255223 0.000000 0.000000
0.256665 0.000000 0.000000
0.258115 0.000000 0.000001
0.259598 0.000000 0.000000
0.261049 0.000000 0.000001
0.262513 0.000000 0.000000
0.263990 0.000000 0.000000
0.265440 0.000000 0.000000
0.266899 0.000000 0.000000
0.268377 0.000000 0.000000
0.269858 0.000000 0.000000
0.271314 0.000000 0.000001
0.272786 0.000000 0.000000
0.274263 0.000000 0.000001
0.275757 0.000000 0.000000
0.277222 0.000000 0.000000
0.278699 0.000000 0.000000
0.280165 0.000000 0.000000
0.281655 0.000000 0.000001
0.283142 0.000000 0.000000
0.284606 0.000000 0.000001
0.286086 0.000000 0.000000
0.287577 0.000000 0.000000
0.289082 0.000000 0.000000
0.290555 0.000000 0.000000
0.292051 0.000000 0.000001
0.293532 0.000000 0.000000
0.295026 0.000000 0.000001
0.296531 0.000000 0.000000
0.298014 0.000000 0.000000
0.299522 0.000000 0.000001
0.301003 0.000000 0.000000
0.302501 0.000000 0.000001
0.304006 0.000000 0.000000
0.305521 0.000000 0.000001
0.307014 0.000000 0.000000
0.308526 0.000000 0.000000
0.310033 0.000000 0.000001
0.311520 0.000000 0.000000
0.313034 0.000000 0.000001
0.314536 0.000000 0.000000
0.316062 0.000000 0.000001
0.317563 0.000000 0.000000
0.319076 0.000000 0.000000
0.320603 0.000000 0.000001
0.322105 0.000000 0.000000
0.323615 0.000000 0.000001
0.325126 0.000000 0.000000
0.326645 0.000000 0.000000
0.328170 0.000000 0.000001
0.329703 0.000000 0.000000
0.331205 0.000000 0.000001
0.332751 0.000000 0.000000
0.334270 0.000000 0.000001
0.335788 0.000000 0.000000
0.337317 0.000000 0.000001
0.338845 0.000000 0.000001
0.340374 0.000000 0.000000
0.341902 0.000000 0.000001
0.343432 0.000000 0.000000
0.344963 0.000000 0.000001
0.346494 0.000000 0.000001
0.348035 0.000000 0.000000
0.349569 0.000000 0.000001
0.351110 0.000000 0.000000
0.352642 0.000000 0.000001
0.354179 0.000000 0.000001
0.355731 0.000000 0.000001
0.357273 0.000000 0.000001
0.358796 0.000000 0.000000
0.360342 0.000000 0.000001
0.361899 0.000000 0.000001
0.363436 0.000000 0.000001
0.364984 0.000000 0.000001
0.366543 0.000000 0.000000
0.368085 0.000000 0.000001
0.369633 0.000000 0.000001
0.371180 0.000000 0.000001
0.372736 0.000000 0.000001
0.374302 0.000000 0.000000
0.375851 0.000000 0.000001
0.377408 0.000000 0.000001
0.378963 0.000000 0.000001
0.380528 0.000000 0.000001
0.382077 0.000000 0.000000
0.383647 0.000000 0.000001
0.385198 0.000000 0.000001
0.386761 0.000000 0.000001
0.388334 0.000000 0.000001
0.389891 0.000000 0.000000
0.391469 0.000000 0.000001
0.393029 0.000000 0.000001
0.394599 0.000000 0.000001
0.396171 0.000000 0.000001
0.397744 0.000000 0.000000
0.399305 0.000000 0.000001
0.400898 0.000000 0.000001
0.402453 0.000000 0.000001
0.404036 0.000000 0.000001
0.405618 0.000000 0.000000
0.407188 0.000000 0.000001
0.408767 0.000000 0.000001
0.410356 0.000000 0.000001
0.411928 0.000000 0.000001
0.413511 0.000000 0.000000
0.415090 0.000000 0.000001
0.416680 0.000000 0.000001
0.418255 0.000000 0.000001
0.419848 0.000000 0.000001
0.421426 0.000000 0.000000
0.423014 0.000000 0.000001
0.424613 0.000000 0.000001
0.426196 0.000000 0.000000
0.427796 0.000000 0.000001
0.429385 0.000000 0.000001
0.430982 0.000000 0.000001
0.432578 0.000000 0.000001
0.434161 0.000000 0.000000
0.435770 0.000000 0.000001
0.437368 0.000000 0.000001
0.438952 0.000000 0.000001
0.440555 0.000000 0.000001
0.442169 0.000000 0.000000
0.443766 0.000000 0.000001
0.445361 0.000000 0.000001
0.446966 0.000000 0.000001
0.448577 0.000000 0.000001
0.450179 0.000000 0.000001
0.451790 0.000000 0.000001
0.453391 0.000000 0.000001
0.455008 0.000000 0.000000
0.456609 0.000000 0.000001
0.458220 0.000000 0.000001
0.459832 0.000000 0.000001
0.461449 0.000000 0.000001
0.463051 0.000000 0.000000
0.464681 0.000000 0.000001
0.466289 0.000000 0.000001
0.467906 0.000000 0.000001
0.469536 0.000000 0.000001
0.471149 0.000000 0.000001
0.472761 0.000000 0.000001
0.474388 0.000000 0.000001
0.476010 0.000000 0.000000
0.477628 0.000000 0.000001
0.479257 0.000000 0.000001
0.480873 0.000000 0.000001
0.482504 0.000000 0.000001
0.484126 0.000000 0.000001
0.485756 0.000000 0.000001
0.487393 0.000000 0.000001
0.489013 0.000000 0.000000
0.490656 0.000000 0.000001
0.492278 0.000000 0.000001
0.493913 0.000000 0.000001
0.495545 0.000000 0.000001
0.497182 0.000000 0.000001
0.498818 0.000000 0.000001
0.500450 0.000000 0.000001
0.502092 0.000000 0.000001
0.503726 0.000000 0.000001
0.505361 0.000000 0.000001
0.507007 0.000000 0.000001
0.508656 0.000000 0.000001
0.510290 0.000000 0.000001
0.511932 0.000000 0.000001
0.513581 0.000000 0.000001
0.515221 0.000000 0.000001
0.516874 0.000000 0.000001
0.518523 0.000000 0.000001
0.520159 0.000000 0.000000
0.521807 0.000000 0.000001
0.523467 0.000000 0.000001
0.525115 0.000000 0.000001
0.526773 0.000000 0.000001
0.528422 0.000000 0.000001
0.530074 0.000000 0.000001
0.531727 0.000000 0.000001
0.533378 0.000000 0.000001
0.535038 0.000000 0.000001
0.536704 0.000000 0.000001
0.538362 0.000000 0.000000
0.540010 0.000000 0.000001
0.541667 0.000000 0.000001
0.543337 0.000000 0.000001
0.544998 0.000000 0.000001
