%  Uniform Perceptual Contrast Colourmap
% 
%  Usage:  map = cmap_rainbow_bgyrm
% 
% 
%  Centre for Exploration Targeting
%  The University of Western Australia
%  18-Nov-2019 
% 
function map = cmap_rainbow_bgyrm
map = [ ...
0.000000 0.186512 0.962645
0.000000 0.202435 0.948892
0.000000 0.217281 0.935161
0.000000 0.231220 0.921454
0.011934 0.244389 0.907769
0.036717 0.256977 0.894099
0.056156 0.269014 0.880450
0.069723 0.280540 0.866824
0.079574 0.291700 0.853222
0.087002 0.302446 0.839647
0.092343 0.312881 0.826088
0.096073 0.323011 0.812557
0.098521 0.332847 0.799061
0.099762 0.342401 0.785592
0.100059 0.351692 0.772158
0.099568 0.360741 0.758768
0.098488 0.369562 0.745424
0.096923 0.378138 0.732142
0.095287 0.386468 0.718914
0.093593 0.394575 0.705765
0.092301 0.402435 0.692700
0.091622 0.410079 0.679709
0.091776 0.417470 0.666827
0.092935 0.424627 0.654053
0.095470 0.431565 0.641381
0.099211 0.438266 0.628833
0.104219 0.444764 0.616395
0.110414 0.451049 0.604073
0.117467 0.457144 0.591856
0.125323 0.463060 0.579746
0.133688 0.468838 0.567724
0.142363 0.474461 0.555783
0.151163 0.479962 0.543930
0.159931 0.485348 0.532130
0.168594 0.490669 0.520364
0.176957 0.495894 0.508647
0.184992 0.501086 0.496923
0.192588 0.506219 0.485208
0.199730 0.511334 0.473480
0.206455 0.516427 0.461738
0.212612 0.521510 0.449945
0.218298 0.526600 0.438106
0.223476 0.531674 0.426187
0.228170 0.536767 0.414206
0.232365 0.541848 0.402123
0.236114 0.546956 0.389956
0.239409 0.552070 0.377690
0.242289 0.557192 0.365301
0.244770 0.562319 0.352798
0.246908 0.567447 0.340161
0.248718 0.572584 0.327378
0.250194 0.577708 0.314472
0.251493 0.582836 0.301432
0.252576 0.587947 0.288279
0.253562 0.593049 0.275014
0.254532 0.598104 0.261655
0.255554 0.603133 0.248247
0.256760 0.608111 0.234793
0.258248 0.613014 0.221335
0.260168 0.617857 0.207942
0.262606 0.622613 0.194690
0.265691 0.627273 0.181566
0.269524 0.631828 0.168765
0.274160 0.636270 0.156284
0.279690 0.640584 0.144199
0.286090 0.644769 0.132647
0.293410 0.648835 0.121672
0.301577 0.652759 0.111520
0.310566 0.656570 0.102111
0.320248 0.660245 0.093650
0.330539 0.663812 0.086192
0.341377 0.667262 0.079844
0.352634 0.670621 0.074622
0.364218 0.673879 0.070482
0.376061 0.677068 0.067441
0.388058 0.680172 0.065338
0.400168 0.683230 0.064131
0.412329 0.686230 0.063664
0.424483 0.689190 0.063787
0.436618 0.692108 0.064385
0.448699 0.694986 0.065349
0.460697 0.697843 0.066596
0.472631 0.700680 0.068059
0.484469 0.703491 0.069665
0.496220 0.706286 0.071326
0.507897 0.709062 0.073053
0.519468 0.711817 0.074786
0.530959 0.714555 0.076547
0.542367 0.717293 0.078340
0.553690 0.720003 0.080165
0.564943 0.722699 0.082029
0.576145 0.725395 0.083794
0.587258 0.728061 0.085519
0.598323 0.730721 0.087399
0.609343 0.733368 0.089158
0.620306 0.735994 0.090961
0.631216 0.738616 0.092699
0.642083 0.741213 0.094558
0.652904 0.743807 0.096269
0.663702 0.746381 0.098128
0.674449 0.748940 0.099880
0.685169 0.751494 0.101671
0.695856 0.754023 0.103498
0.706514 0.756540 0.105238
0.717144 0.759043 0.107084
0.727740 0.761533 0.108840
0.738316 0.764009 0.110661
0.748876 0.766472 0.112456
0.759414 0.768914 0.114197
0.769933 0.771344 0.116039
0.780425 0.773736 0.117807
0.790891 0.776108 0.119579
0.801326 0.778441 0.121333
0.811726 0.780727 0.123101
0.822082 0.782956 0.124877
0.832374 0.785118 0.126616
0.842597 0.787184 0.128341
0.852722 0.789136 0.130045
0.862725 0.790941 0.131650
0.872568 0.792578 0.133224
0.882215 0.794009 0.134753
0.891627 0.795185 0.136120
0.900746 0.796078 0.137502
0.909525 0.796644 0.138694
0.917909 0.796845 0.139745
0.925839 0.796644 0.140738
0.933267 0.796011 0.141516
0.940161 0.794924 0.142120
0.946465 0.793365 0.142559
0.952169 0.791320 0.142820
0.957256 0.788806 0.142899
0.961723 0.785826 0.142800
0.965586 0.782402 0.142530
0.968870 0.778564 0.142101
0.971605 0.774345 0.141533
0.973836 0.769789 0.140829
0.975612 0.764936 0.139950
0.976990 0.759812 0.139025
0.978014 0.754481 0.138048
0.978741 0.748952 0.136931
0.979223 0.743286 0.135758
0.979498 0.737488 0.134620
0.979605 0.731599 0.133375
0.979578 0.725640 0.132128
0.979446 0.719615 0.130876
0.979229 0.713544 0.129588
0.978946 0.707440 0.128304
0.978610 0.701308 0.126986
0.978235 0.695155 0.125748
0.977827 0.688988 0.124430
0.977387 0.682794 0.123140
0.976920 0.676596 0.121867
0.976436 0.670388 0.120616
0.975935 0.664159 0.119381
0.975416 0.657926 0.118162
0.974880 0.651676 0.116892
0.974327 0.645407 0.115675
0.973757 0.639134 0.114406
0.973171 0.632844 0.113263
0.972567 0.626536 0.112039
0.971942 0.620222 0.110841
0.971300 0.613873 0.109675
0.970643 0.607531 0.108417
0.969968 0.601151 0.107292
0.969278 0.594762 0.106139
0.968571 0.588347 0.104914
0.967849 0.581921 0.103821
0.967106 0.575478 0.102675
0.966346 0.569000 0.101533
0.965570 0.562517 0.100412
0.964779 0.555985 0.099309
0.963972 0.549454 0.098243
0.963151 0.542889 0.097107
0.962309 0.536293 0.096029
0.961453 0.529673 0.095027
0.960584 0.523022 0.093934
0.959695 0.516332 0.092845
0.958791 0.509624 0.091887
0.957872 0.502872 0.090843
0.956932 0.496090 0.089822
0.955985 0.489274 0.088819
0.955016 0.482424 0.087844
0.954033 0.475533 0.086870
0.953036 0.468582 0.085840
0.952021 0.461603 0.084982
0.951004 0.454586 0.084179
0.949973 0.447512 0.083361
0.948940 0.440424 0.082712
0.947909 0.433302 0.082242
0.946883 0.426162 0.081930
0.945871 0.419023 0.081865
0.944889 0.411889 0.082126
0.943940 0.404785 0.082744
0.943048 0.397763 0.083946
0.942227 0.390837 0.085624
0.941494 0.384054 0.088135
0.940882 0.377481 0.091379
0.940411 0.371162 0.095430
0.940103 0.365187 0.100363
0.939982 0.359614 0.106318
0.940074 0.354520 0.113172
0.940398 0.349967 0.120903
0.940965 0.346018 0.129666
0.941792 0.342778 0.139231
0.942882 0.340236 0.149731
0.944226 0.338445 0.160959
0.945817 0.337442 0.172926
0.947644 0.337198 0.185620
0.949677 0.337694 0.198856
0.951896 0.338911 0.212696
0.954275 0.340779 0.227025
0.956774 0.343252 0.241765
0.959370 0.346238 0.256863
0.962026 0.349711 0.272249
0.964723 0.353558 0.287909
0.967435 0.357755 0.303764
0.970128 0.362196 0.319791
0.972797 0.366857 0.335920
0.975410 0.371676 0.352145
0.977968 0.376652 0.368458
0.980456 0.381702 0.384803
0.982862 0.386827 0.401215
0.985181 0.392022 0.417645
0.987407 0.397247 0.434098
0.989534 0.402507 0.450596
0.991558 0.407796 0.467115
0.993481 0.413111 0.483643
0.995288 0.418414 0.500203
0.996990 0.423741 0.516795
0.998582 0.429081 0.533403
1.000000 0.434423 0.550055
1.000000 0.439781 0.566738
1.000000 0.445145 0.583449
1.000000 0.450520 0.600208
1.000000 0.455902 0.617009
1.000000 0.461300 0.633850
1.000000 0.466708 0.650729
1.000000 0.472128 0.667659
1.000000 0.477549 0.684624
1.000000 0.482987 0.701641
1.000000 0.488444 0.718707
1.000000 0.493904 0.735817
1.000000 0.499371 0.752975
1.000000 0.504864 0.770185
1.000000 0.510357 0.787442
1.000000 0.515859 0.804746
1.000000 0.521385 0.822102
1.000000 0.526926 0.839503
1.000000 0.532468 0.856950
1.000000 0.538027 0.874450
1.000000 0.543589 0.892003
1.000000 0.549172 0.909599
0.998500 0.554761 0.927243
0.996617 0.560367 0.944945
0.994553 0.565979 0.962687
0.992301 0.571608 0.980482
];
