%  Uniform Perceptual Contrast Colourmap
% 
%  Usage:  map = cmap_isoluminant75
% 
% 
%  Centre for Exploration Targeting
%  The University of Western Australia
%  16-Jul-2019 
% 
function map = cmap_isoluminant75
map = [ ...
0.000000 0.783196 1.000000
0.000000 0.783713 0.997111
0.000000 0.784226 0.992412
0.000000 0.784732 0.987702
0.000000 0.785236 0.982988
0.000000 0.785739 0.978270
0.000000 0.786239 0.973551
0.000000 0.786737 0.968828
0.000000 0.787227 0.964095
0.001374 0.787714 0.959364
0.010686 0.788202 0.954627
0.020159 0.788690 0.949882
0.029285 0.789173 0.945141
0.038676 0.789648 0.940387
0.047265 0.790123 0.935629
0.054946 0.790595 0.930868
0.061942 0.791064 0.926101
0.068351 0.791531 0.921329
0.074311 0.791994 0.916553
0.079812 0.792455 0.911771
0.085048 0.792914 0.906986
0.090026 0.793370 0.902191
0.094722 0.793822 0.897397
0.099175 0.794267 0.892591
0.103499 0.794709 0.887777
0.107562 0.795150 0.882963
0.111573 0.795586 0.878143
0.115360 0.796020 0.873314
0.119064 0.796452 0.868486
0.122618 0.796879 0.863644
0.126137 0.797305 0.858793
0.129499 0.797727 0.853938
0.132806 0.798145 0.849082
0.135962 0.798561 0.844214
0.139107 0.798974 0.839342
0.142208 0.799383 0.834462
0.145222 0.799787 0.829575
0.148123 0.800186 0.824675
0.151018 0.800581 0.819770
0.153837 0.800973 0.814862
0.156643 0.801362 0.809944
0.159375 0.801747 0.805017
0.162106 0.802129 0.800087
0.164729 0.802508 0.795142
0.167390 0.802881 0.790189
0.169995 0.803252 0.785232
0.172536 0.803620 0.780260
0.175098 0.803984 0.775282
0.177645 0.804342 0.770296
0.180111 0.804695 0.765304
0.182570 0.805044 0.760296
0.185075 0.805387 0.755282
0.187541 0.805729 0.750252
0.189949 0.806069 0.745216
0.192361 0.806404 0.740175
0.194804 0.806732 0.735118
0.197217 0.807054 0.730050
0.199594 0.807372 0.724972
0.201993 0.807685 0.719881
0.204423 0.807994 0.714776
0.206834 0.808298 0.709667
0.209220 0.808598 0.704539
0.211643 0.808893 0.699399
0.214039 0.809182 0.694248
0.216468 0.809465 0.689097
0.218890 0.809740 0.683911
0.221338 0.810010 0.678725
0.223778 0.810275 0.673525
0.226259 0.810536 0.668312
0.228731 0.810792 0.663083
0.231220 0.811042 0.657840
0.233719 0.811285 0.652572
0.236288 0.811521 0.647301
0.238832 0.811749 0.642011
0.241431 0.811971 0.636710
0.244019 0.812186 0.631386
0.246664 0.812393 0.626046
0.249329 0.812594 0.620699
0.252033 0.812788 0.615320
0.254767 0.812974 0.609934
0.257513 0.813152 0.604535
0.260321 0.813321 0.599111
0.263172 0.813482 0.593668
0.266055 0.813635 0.588202
0.268986 0.813778 0.582726
0.271924 0.813913 0.577233
0.274953 0.814038 0.571716
0.278022 0.814153 0.566182
0.281119 0.814258 0.560627
0.284288 0.814352 0.555051
0.287504 0.814436 0.549460
0.290786 0.814508 0.543843
0.294118 0.814569 0.538214
0.297531 0.814617 0.532555
0.300988 0.814652 0.526881
0.304527 0.814674 0.521176
0.308123 0.814684 0.515454
0.311784 0.814679 0.509721
0.315543 0.814659 0.503967
0.319349 0.814625 0.498196
0.323241 0.814576 0.492386
0.327209 0.814509 0.486573
0.331267 0.814425 0.480735
0.335431 0.814324 0.474896
0.339653 0.814205 0.469027
0.343949 0.814067 0.463129
0.348369 0.813908 0.457239
0.352847 0.813733 0.451334
0.357371 0.813541 0.445405
0.361931 0.813333 0.439471
0.366552 0.813108 0.433518
0.371198 0.812867 0.427572
0.375924 0.812608 0.421588
0.380705 0.812329 0.415617
0.385517 0.812033 0.409637
0.390412 0.811716 0.403650
0.395373 0.811378 0.397655
0.400391 0.811016 0.391664
0.405472 0.810631 0.385664
0.410625 0.810226 0.379686
0.415834 0.809799 0.373714
0.421116 0.809349 0.367741
0.426477 0.808870 0.361805
0.431920 0.808364 0.355881
0.437415 0.807832 0.349975
0.442981 0.807276 0.344090
0.448619 0.806692 0.338256
0.454325 0.806075 0.332481
0.460084 0.805430 0.326712
0.465917 0.804763 0.321032
0.471827 0.804064 0.315399
0.477771 0.803332 0.309840
0.483775 0.802573 0.304335
0.489829 0.801786 0.298931
0.495930 0.800971 0.293596
0.502081 0.800128 0.288375
0.508264 0.799255 0.283256
0.514470 0.798349 0.278239
0.520695 0.797418 0.273336
0.526957 0.796461 0.268549
0.533218 0.795479 0.263901
0.539494 0.794474 0.259371
0.545787 0.793442 0.254981
0.552069 0.792380 0.250705
0.558336 0.791298 0.246590
0.564610 0.790194 0.242618
0.570864 0.789073 0.238798
0.577109 0.787921 0.235154
0.583324 0.786761 0.231631
0.589518 0.785572 0.228264
0.595694 0.784370 0.225019
0.601836 0.783141 0.221967
0.607955 0.781906 0.219071
0.614025 0.780645 0.216333
0.620082 0.779373 0.213705
0.626087 0.778087 0.211260
0.632064 0.776786 0.208947
0.638001 0.775463 0.206812
0.643898 0.774130 0.204791
0.649767 0.772786 0.202911
0.655589 0.771434 0.201171
0.661374 0.770058 0.199588
0.667119 0.768672 0.198151
0.672832 0.767277 0.196859
0.678494 0.765875 0.195660
0.684117 0.764453 0.194679
0.689715 0.763018 0.193868
0.695260 0.761573 0.193264
0.700766 0.760118 0.192904
0.706226 0.758654 0.192773
0.711639 0.757175 0.192857
0.717006 0.755690 0.193154
0.722310 0.754197 0.193684
0.727575 0.752688 0.194434
0.732790 0.751188 0.195343
0.737942 0.749661 0.196498
0.743052 0.748147 0.197798
0.748098 0.746618 0.199305
0.753081 0.745086 0.201003
0.758021 0.743555 0.202883
0.762895 0.742014 0.204916
0.767716 0.740473 0.207103
0.772480 0.738935 0.209420
0.777189 0.737386 0.211914
0.781834 0.735838 0.214497
0.786424 0.734297 0.217226
0.790952 0.732752 0.220067
0.795427 0.731199 0.223007
0.799852 0.729657 0.226050
0.804214 0.728108 0.229169
0.808520 0.726565 0.232400
0.812767 0.725025 0.235716
0.816966 0.723476 0.239085
0.821108 0.721934 0.242531
0.825197 0.720397 0.246046
0.829241 0.718860 0.249621
0.833224 0.717331 0.253269
0.837163 0.715797 0.256952
0.841047 0.714257 0.260680
0.844884 0.712727 0.264455
0.848672 0.711207 0.268267
0.852417 0.709681 0.272109
0.856107 0.708157 0.276032
0.859757 0.706640 0.279938
0.863362 0.705118 0.283884
0.866915 0.703603 0.287859
0.870429 0.702086 0.291877
0.873905 0.700580 0.295895
0.877334 0.699066 0.299949
0.880723 0.697562 0.304018
0.884072 0.696064 0.308112
0.887375 0.694555 0.312214
0.890644 0.693066 0.316364
0.893874 0.691564 0.320510
0.897070 0.690070 0.324645
0.900223 0.688581 0.328827
0.903345 0.687086 0.333010
0.906427 0.685600 0.337197
0.909470 0.684108 0.341401
0.912482 0.682627 0.345609
0.915456 0.681141 0.349842
0.918404 0.679662 0.354066
0.921318 0.678188 0.358308
0.924197 0.676713 0.362559
0.927040 0.675235 0.366823
0.929858 0.673762 0.371077
0.932641 0.672293 0.375349
0.935400 0.670823 0.379629
0.938124 0.669353 0.383918
0.940817 0.667889 0.388208
0.943483 0.666415 0.392503
0.946119 0.664950 0.396798
0.948730 0.663496 0.401121
0.951311 0.662035 0.405431
0.953865 0.660566 0.409749
0.956393 0.659106 0.414065
0.958892 0.657656 0.418386
0.961362 0.656199 0.422719
0.963809 0.654733 0.427069
0.966234 0.653277 0.431408
0.968630 0.651831 0.435754
0.970999 0.650375 0.440100
0.973350 0.648924 0.444459
0.975670 0.647469 0.448814
0.977968 0.646017 0.453172
0.980246 0.644565 0.457534
0.982501 0.643116 0.461905
0.984727 0.641667 0.466278
0.986933 0.640224 0.470661
0.989118 0.638771 0.475045
0.991273 0.637327 0.479428
0.993413 0.635879 0.483809
0.995529 0.634434 0.488212
0.997620 0.632985 0.492600
0.999695 0.631541 0.497003
1.000000 0.630093 0.501411
];
